0 0.7408
1 0.2192
2 0.1763
3 0.1609
4 0.1537
5 0.1563
6 0.1336
7 0.1409
8 0.1266
9 0.1313
10 0.1217
11 0.1275
12 0.1212
13 0.1077
14 0.116
15 0.116
16 0.113
17 0.1045
18 0.1036
19 0.1046
20 0.1067
21 0.0918
22 0.0945
23 0.0921
24 0.0963
25 0.0921
26 0.092
27 0.0865
28 0.0842
29 0.0886
30 0.0804
31 0.0826
32 0.0788
33 0.0801
34 0.0827
35 0.0761
36 0.0799
37 0.0719
38 0.0744
39 0.0716
40 0.0722
41 0.0714
42 0.0683
43 0.0671
44 0.0721
45 0.0681
46 0.0697
47 0.0663
48 0.0629
49 0.0648
50 0.061
51 0.0605
52 0.061
53 0.0608
54 0.0585
55 0.0563
56 0.0569
57 0.0563
58 0.0513
59 0.0548
60 0.0531
61 0.0555
62 0.0523
63 0.0502
64 0.0534
65 0.0528
66 0.0516
67 0.0543
68 0.0483
69 0.0531
70 0.0492
71 0.0524
72 0.0511
73 0.0523
74 0.0501
75 0.0454
76 0.048
77 0.0495
78 0.0458
79 0.0483
