0 0.8167
1 0.9193
2 0.9356
3 0.9401
4 0.9456
5 0.947
6 0.9531
7 0.9474
8 0.9547
9 0.9549
10 0.9569
11 0.9559
12 0.9576
13 0.9623
14 0.9587
15 0.9597
16 0.9604
17 0.9644
18 0.9648
19 0.9653
20 0.9626
21 0.968
22 0.9675
23 0.9681
24 0.9669
25 0.9685
26 0.9684
27 0.9725
28 0.9719
29 0.97
30 0.9729
31 0.9736
32 0.9738
33 0.9732
34 0.9721
35 0.9763
36 0.9735
37 0.9765
38 0.9751
39 0.9763
40 0.9762
41 0.9768
42 0.9774
43 0.9779
44 0.9756
45 0.9777
46 0.9772
47 0.9779
48 0.9794
49 0.9792
50 0.98
51 0.9806
52 0.9809
53 0.9805
54 0.9826
55 0.9825
56 0.982
57 0.9821
58 0.984
59 0.9831
60 0.9829
61 0.9828
62 0.9844
63 0.9843
64 0.9832
65 0.9832
66 0.9837
67 0.9848
68 0.9843
69 0.9839
70 0.9844
71 0.9819
72 0.9833
73 0.9827
74 0.985
75 0.9858
76 0.9844
77 0.9844
78 0.9862
79 0.9846
